file_name,bbox,x1,y1,x2,y2,width,height,bbox_area,mask_area
img0022.jpg,0,21,302,86,336,65,34,2210,1941
img0022.jpg,1,138,303,192,336,54,33,1782,1306
img0022.jpg,2,344,312,404,344,60,32,1920,1564
img0022.jpg,3,512,314,587,351,75,37,2775,2325
img0022.jpg,4,705,307,800,360,95,53,5035,3939
img0023.jpg,0,9,298,71,336,62,38,2356,1917
img0023.jpg,1,124,304,177,335,53,31,1643,1295
img0023.jpg,2,330,311,390,343,60,32,1920,1553
img0023.jpg,3,498,313,574,352,76,39,2964,2367
img0023.jpg,4,690,308,791,359,101,51,5151,3911
img0024.jpg,0,0,299,60,336,60,37,2220,1840
img0024.jpg,1,112,303,165,336,53,33,1749,1354
img0024.jpg,2,317,311,374,341,57,30,1710,1512
img0024.jpg,3,486,313,559,352,73,39,2847,2466
img0024.jpg,4,678,307,779,359,101,52,5252,4110
img0025.jpg,0,0,297,43,336,43,39,1677,1467
img0025.jpg,1,96,302,145,335,49,33,1617,1221
img0025.jpg,2,299,310,356,341,57,31,1767,1406
img0025.jpg,3,469,313,544,353,75,40,3000,2558
img0025.jpg,4,660,307,765,357,105,50,5250,4051
img0026.jpg,0,0,297,31,335,31,38,1178,1033
img0026.jpg,1,81,304,135,335,54,31,1674,1270
img0026.jpg,2,285,310,343,340,58,30,1740,1277
img0026.jpg,3,455,313,530,352,75,39,2925,2517
img0026.jpg,4,649,309,751,355,102,46,4692,3815
img0027.jpg,0,0,297,17,334,17,37,629,490
img0027.jpg,1,66,305,118,336,52,31,1612,1235
img0027.jpg,2,269,312,326,340,57,28,1596,1182
img0027.jpg,3,440,312,514,352,74,40,2960,2529
img0027.jpg,4,633,305,735,357,102,52,5304,3911
img0028.jpg,0,54,304,106,335,52,31,1612,1208
img0028.jpg,1,255,313,313,340,58,27,1566,1170
img0028.jpg,2,426,313,501,352,75,39,2925,2419
img0028.jpg,3,623,307,720,355,97,48,4656,3717
img0029.jpg,0,41,304,90,334,49,30,1470,1168
img0029.jpg,1,237,313,295,340,58,27,1566,1273
img0029.jpg,2,409,312,484,351,75,39,2925,2308
img0029.jpg,3,605,308,704,359,99,51,5049,3554
img0029.jpg,4,774,311,800,353,26,42,1092,789
img0030.jpg,0,27,304,74,335,47,31,1457,1127
img0030.jpg,1,223,308,280,340,57,32,1824,1350
img0030.jpg,2,396,312,471,349,75,37,2775,2309
img0030.jpg,3,592,306,693,359,101,53,5353,3544
img0030.jpg,4,766,313,800,356,34,43,1462,1324
img0031.jpg,0,12,301,58,334,46,33,1518,1047
img0031.jpg,1,205,307,263,339,58,32,1856,1404
img0031.jpg,2,382,312,454,347,72,35,2520,2114
img0031.jpg,3,575,307,675,357,100,50,5000,3432
img0031.jpg,4,752,309,791,354,39,45,1755,1393
img0032.jpg,0,0,302,47,333,47,31,1457,1126
img0032.jpg,1,192,307,250,339,58,32,1856,1436
img0032.jpg,2,368,312,440,346,72,34,2448,2011
img0032.jpg,3,560,313,663,354,103,41,4223,3235
img0032.jpg,4,736,311,779,354,43,43,1849,1572
img0033.jpg,0,0,303,31,332,31,29,899,767
img0033.jpg,1,175,307,232,339,57,32,1824,1393
img0033.jpg,2,350,312,423,346,73,34,2482,2014
img0033.jpg,3,543,315,647,354,104,39,4056,3058
img0033.jpg,4,720,313,764,359,44,46,2024,1705
img0034.jpg,0,0,304,20,330,20,26,520,441
img0034.jpg,1,161,305,219,337,58,32,1856,1356
img0034.jpg,2,337,311,409,344,72,33,2376,1977
img0034.jpg,3,529,317,631,353,102,36,3672,2976
img0034.jpg,4,705,311,751,355,46,44,2024,1693
img0035.jpg,0,145,304,202,338,57,34,1938,1460
img0035.jpg,1,319,310,391,343,72,33,2376,1996
img0035.jpg,2,513,313,611,351,98,38,3724,2877
img0035.jpg,3,689,309,735,355,46,46,2116,1779
img0036.jpg,0,129,304,189,337,60,33,1980,1556
img0036.jpg,1,304,310,377,341,73,31,2263,1920
img0036.jpg,2,501,315,600,352,99,37,3663,2883
img0036.jpg,3,673,309,720,355,47,46,2162,1648
img0036.jpg,4,784,315,800,359,16,44,704,603
img0037.jpg,0,113,304,171,336,58,32,1856,1596
img0037.jpg,1,287,309,359,341,72,32,2304,1747
img0037.jpg,2,484,314,584,352,100,38,3800,2977
img0037.jpg,3,657,309,703,355,46,46,2116,1731
img0037.jpg,4,769,309,800,359,31,50,1550,1327
img0038.jpg,0,100,302,158,337,58,35,2030,1635
img0038.jpg,1,273,310,344,340,71,30,2130,1660
img0038.jpg,2,471,313,570,352,99,39,3861,3143
img0038.jpg,3,647,305,688,355,41,50,2050,1573
img0038.jpg,4,751,309,800,360,49,51,2499,1950
img0039.jpg,0,85,302,142,336,57,34,1938,1577
img0039.jpg,1,257,312,328,340,71,28,1988,1587
img0039.jpg,2,454,313,554,351,100,38,3800,3245
img0039.jpg,3,630,313,672,352,42,39,1638,1401
img0039.jpg,4,738,308,800,359,62,51,3162,2558
img0040.jpg,0,69,303,125,336,56,33,1848,1552
img0040.jpg,1,239,312,311,340,72,28,2016,1591
img0040.jpg,2,437,313,537,352,100,39,3900,3188
img0040.jpg,3,614,313,655,351,41,38,1558,1380
img0040.jpg,4,722,308,785,360,63,52,3276,2527
img0041.jpg,0,57,303,112,336,55,33,1815,1518
img0041.jpg,1,225,308,296,340,71,32,2272,1719
img0041.jpg,2,424,312,525,353,101,41,4141,3130
img0041.jpg,3,603,314,644,351,41,37,1517,1244
img0041.jpg,4,706,309,777,359,71,50,3550,2848
img0042.jpg,0,40,303,94,336,54,33,1782,1489
img0042.jpg,1,207,305,278,339,71,34,2414,1854
img0042.jpg,2,407,312,507,352,100,40,4000,3026
img0042.jpg,3,583,316,625,351,42,35,1470,1202
img0042.jpg,4,692,308,762,355,70,47,3290,2603
img0043.jpg,0,28,304,81,336,53,32,1696,1468
img0043.jpg,1,193,306,264,339,71,33,2343,1810
img0043.jpg,2,393,312,495,351,102,39,3978,2915
img0043.jpg,3,569,317,611,351,42,34,1428,1156
img0043.jpg,4,678,307,748,355,70,48,3360,2647
img0044.jpg,0,12,302,64,336,52,34,1768,1402
img0044.jpg,1,177,306,247,339,70,33,2310,1855
img0044.jpg,2,379,312,478,350,99,38,3762,2741
img0044.jpg,3,553,317,592,351,39,34,1326,1083
img0044.jpg,4,662,307,735,355,73,48,3504,2855
img0045.jpg,0,0,302,50,335,50,33,1650,1376
img0045.jpg,1,162,304,232,339,70,35,2450,1857
img0045.jpg,2,364,312,463,348,99,36,3564,2765
img0045.jpg,3,538,319,581,351,43,32,1376,1134
img0045.jpg,4,650,308,719,358,69,50,3450,2816
img0046.jpg,0,0,300,34,335,34,35,1190,1065
img0046.jpg,1,147,304,216,339,69,35,2415,1820
img0046.jpg,2,348,312,447,347,99,35,3465,2573
img0046.jpg,3,522,316,564,351,42,35,1470,1176
img0046.jpg,4,631,307,703,357,72,50,3600,2693
img0046.jpg,5,787,313,800,351,13,38,494,351
img0047.jpg,0,0,300,22,334,22,34,748,627
img0047.jpg,1,130,303,203,338,73,35,2555,1961
img0047.jpg,2,335,310,432,346,97,36,3492,2478
img0047.jpg,3,509,314,551,351,42,37,1554,1262
img0047.jpg,4,623,307,688,357,65,50,3250,2603
img0047.jpg,5,776,311,800,357,24,46,1104,859
img0048.jpg,0,114,303,185,337,71,34,2414,2015
img0048.jpg,1,316,310,415,345,99,35,3465,2532
img0048.jpg,2,492,315,534,351,42,36,1512,1257
img0048.jpg,3,606,309,671,355,65,46,2990,2400
img0048.jpg,4,758,313,800,360,42,47,1974,1706
img0049.jpg,0,101,302,171,337,70,35,2450,2075
img0049.jpg,1,302,310,400,344,98,34,3332,2377
img0049.jpg,2,479,315,520,352,41,37,1517,1252
img0049.jpg,3,589,313,655,354,66,41,2706,2246
img0049.jpg,4,749,308,800,360,51,52,2652,2296
img0050.jpg,0,85,301,154,337,69,36,2484,2057
img0050.jpg,1,283,310,381,343,98,33,3234,2230
img0050.jpg,2,462,314,504,351,42,37,1554,1261
img0050.jpg,3,574,316,639,354,65,38,2470,2102
img0050.jpg,4,728,309,800,359,72,50,3600,2796
img0051.jpg,0,72,302,140,336,68,34,2312,2017
img0051.jpg,1,270,309,367,341,97,32,3104,2246
img0051.jpg,2,447,314,489,351,42,37,1554,1245
img0051.jpg,3,560,317,623,351,63,34,2142,1918
img0051.jpg,4,720,310,784,359,64,49,3136,2688
img0052.jpg,0,57,301,123,337,66,36,2376,2036
img0052.jpg,1,251,309,349,340,98,31,3038,2109
img0052.jpg,2,431,313,472,349,41,36,1476,1178
img0052.jpg,3,541,317,607,351,66,34,2244,1960
img0052.jpg,4,704,313,770,359,66,46,3036,2642
img0053.jpg,0,42,302,107,337,65,35,2275,1925
img0053.jpg,1,235,310,331,340,96,30,2880,2070
img0053.jpg,2,415,313,455,347,40,34,1360,1073
img0053.jpg,3,524,316,591,351,67,35,2345,1976
img0053.jpg,4,683,309,757,358,74,49,3626,2762
img0054.jpg,0,28,302,93,337,65,35,2275,1908
img0054.jpg,1,220,307,318,340,98,33,3234,2098
img0054.jpg,2,400,313,441,346,41,33,1353,1006
img0054.jpg,3,511,314,575,351,64,37,2368,2003
img0054.jpg,4,673,309,743,359,70,50,3500,2888
img0055.jpg,0,13,302,76,336,63,34,2142,1846
img0055.jpg,1,202,307,300,340,98,33,3234,2163
img0055.jpg,2,385,313,423,345,38,32,1216,979
img0055.jpg,3,494,314,559,352,65,38,2470,2142
img0055.jpg,4,656,307,727,359,71,52,3692,2973
img0056.jpg,0,0,300,63,336,63,36,2268,1751
img0056.jpg,1,187,307,287,340,100,33,3300,2242
img0056.jpg,2,371,315,410,344,39,29,1131,909
img0056.jpg,3,480,313,546,353,66,40,2640,2205
img0056.jpg,4,641,309,714,357,73,48,3504,2902
img0057.jpg,0,0,299,47,335,47,36,1692,1435
img0057.jpg,1,171,306,268,339,97,33,3201,2234
img0057.jpg,2,354,313,392,343,38,30,1140,873
img0057.jpg,3,464,312,529,352,65,40,2600,2204
img0057.jpg,4,624,308,695,355,71,47,3337,2670
img0057.jpg,5,785,312,800,351,15,39,585,474
img0058.jpg,0,0,299,31,335,31,36,1116,918
img0058.jpg,1,153,304,251,339,98,35,3430,2496
img0058.jpg,2,337,312,372,340,35,28,980,838
img0058.jpg,3,447,312,512,352,65,40,2600,2212
img0058.jpg,4,608,306,680,356,72,50,3600,2635
img0058.jpg,5,769,313,800,358,31,45,1395,1237
img0059.jpg,0,0,301,18,333,18,32,576,462
img0059.jpg,1,139,303,237,339,98,36,3528,2449
img0059.jpg,2,321,311,358,341,37,30,1110,890
img0059.jpg,3,432,313,498,351,66,38,2508,2159
img0059.jpg,4,593,313,664,354,71,41,2911,2349
img0059.jpg,5,754,313,800,359,46,46,2116,1895
img0060.jpg,0,122,303,218,338,96,35,3360,2392
img0060.jpg,1,304,310,340,340,36,30,1080,812
img0060.jpg,2,416,312,481,350,65,38,2470,1993
img0060.jpg,3,577,314,649,354,72,40,2880,2303
img0060.jpg,4,737,308,800,360,63,52,3276,2714
img0061.jpg,0,109,303,146,337,37,34,1258,1002
img0061.jpg,1,149,304,206,338,57,34,1938,1422
img0061.jpg,2,288,313,327,338,39,25,975,668
img0061.jpg,3,401,312,467,349,66,37,2442,1990
img0061.jpg,4,561,317,631,351,70,34,2380,2002
img0061.jpg,5,727,307,790,359,63,52,3276,2716
img0062.jpg,0,92,301,188,338,96,37,3552,2604
img0062.jpg,1,272,314,309,339,37,25,925,613
img0062.jpg,2,385,312,449,347,64,35,2240,1848
img0062.jpg,3,544,317,615,353,71,36,2556,2000
img0062.jpg,4,709,310,775,359,66,49,3234,2627
img0063.jpg,0,79,302,175,336,96,34,3264,2605
img0063.jpg,1,258,316,294,339,36,23,828,658
img0063.jpg,2,372,312,435,346,63,34,2142,1702
img0063.jpg,3,531,317,599,351,68,34,2312,1881
img0063.jpg,4,694,307,764,356,70,49,3430,2756
img0064.jpg,0,63,301,158,337,95,36,3420,2635
img0064.jpg,1,240,314,276,339,36,25,900,684
img0064.jpg,2,355,312,417,345,62,33,2046,1714
img0064.jpg,3,513,314,584,351,71,37,2627,2035
img0064.jpg,4,677,311,745,356,68,45,3060,2597
img0065.jpg,0,47,301,139,336,92,35,3220,2548
img0065.jpg,1,223,310,257,338,34,28,952,773
img0065.jpg,2,337,311,400,344,63,33,2079,1715
img0065.jpg,3,497,314,566,351,69,37,2553,2237
img0065.jpg,4,658,307,730,355,72,48,3456,2750
img0065.jpg,5,771,313,800,356,29,43,1247,1002
img0066.jpg,0,34,301,127,336,93,35,3255,2485
img0066.jpg,1,207,308,244,337,37,29,1073,827
img0066.jpg,2,321,310,384,343,63,33,2079,1716
img0066.jpg,3,484,313,553,352,69,39,2691,2256
img0066.jpg,4,649,306,717,356,68,50,3400,2826
img0066.jpg,5,759,313,800,357,41,44,1804,1458
img0067.jpg,0,17,301,108,336,91,35,3185,2460
img0067.jpg,1,189,310,225,337,36,27,972,701
img0067.jpg,2,304,310,365,341,61,31,1891,1617
img0067.jpg,3,465,312,535,352,70,40,2800,2313
img0067.jpg,4,632,308,698,358,66,50,3300,2623
img0067.jpg,5,747,310,795,360,48,50,2400,1833
img0068.jpg,0,2,300,89,337,87,37,3219,2379
img0068.jpg,1,172,307,209,337,37,30,1110,777
img0068.jpg,2,286,310,348,340,62,30,1860,1439
img0068.jpg,3,448,312,518,352,70,40,2800,2344
img0068.jpg,4,610,308,682,356,72,48,3456,2476
img0068.jpg,5,730,313,779,357,49,44,2156,1780
img0069.jpg,0,0,300,78,336,78,36,2808,2119
img0069.jpg,1,157,305,196,337,39,32,1248,891
img0069.jpg,2,272,310,333,340,61,30,1830,1407
img0069.jpg,3,435,312,504,352,69,40,2760,2253
img0069.jpg,4,603,308,667,355,64,47,3008,2302
img0069.jpg,5,719,309,767,357,48,48,2304,1879
img0070.jpg,0,0,302,59,336,59,34,2006,1535
img0070.jpg,1,140,304,176,336,36,32,1152,913
img0070.jpg,2,254,312,315,340,61,28,1708,1298
img0070.jpg,3,417,312,486,350,69,38,2622,2082
img0070.jpg,4,582,311,650,354,68,43,2924,2234
img0070.jpg,5,699,309,751,355,52,46,2392,1872
img0071.jpg,0,0,300,47,336,47,36,1692,1346
img0071.jpg,1,126,304,163,336,37,32,1184,913
img0071.jpg,2,239,312,301,340,62,28,1736,1418
img0071.jpg,3,403,312,472,349,69,37,2553,2066
img0071.jpg,4,567,317,635,351,68,34,2312,2039
img0071.jpg,5,681,308,735,354,54,46,2484,1998
img0072.jpg,0,0,299,31,335,31,36,1116,953
img0072.jpg,1,108,304,144,336,36,32,1152,912
img0072.jpg,2,221,307,283,339,62,32,1984,1489
img0072.jpg,3,387,312,454,347,67,35,2345,1963
img0072.jpg,4,549,317,617,353,68,36,2448,2014
img0072.jpg,5,666,307,719,354,53,47,2491,1949
img0073.jpg,0,0,300,15,334,15,34,510,385
img0073.jpg,1,92,303,128,335,36,32,1152,912
img0073.jpg,2,203,305,264,339,61,34,2074,1552
img0073.jpg,3,370,312,437,346,67,34,2278,1790
img0073.jpg,4,534,318,599,351,65,33,2145,1800
img0073.jpg,5,650,308,703,357,53,49,2597,1994
img0074.jpg,0,79,304,114,334,35,30,1050,881
img0074.jpg,1,188,306,250,339,62,33,2046,1605
img0074.jpg,2,356,312,422,345,66,33,2178,1830
img0074.jpg,3,519,315,585,351,66,36,2376,1877
img0074.jpg,4,637,308,687,356,50,48,2400,1909
img0075.jpg,0,63,303,96,336,33,33,1089,874
img0075.jpg,1,171,306,232,339,61,33,2013,1554
img0075.jpg,2,338,311,404,344,66,33,2178,1808
img0075.jpg,3,502,314,568,351,66,37,2442,2049
img0075.jpg,4,619,308,671,351,52,43,2236,1798
img0075.jpg,5,787,315,800,351,13,36,468,350
img0076.jpg,0,49,304,82,335,33,31,1023,826
img0076.jpg,1,156,304,218,338,62,34,2108,1567
img0076.jpg,2,323,310,390,343,67,33,2211,1805
img0076.jpg,3,488,313,553,352,65,39,2535,2123
img0076.jpg,4,608,311,655,351,47,40,1880,1630
img0076.jpg,5,774,313,800,355,26,42,1092,843
img0077.jpg,0,33,305,65,334,32,29,928,773
img0077.jpg,1,139,303,201,338,62,35,2170,1682
img0077.jpg,2,305,309,369,341,64,32,2048,1695
img0077.jpg,3,470,313,536,352,66,39,2574,2165
img0077.jpg,4,589,317,638,351,49,34,1666,1462
img0077.jpg,5,761,309,800,359,39,50,1950,1638
img0078.jpg,0,17,304,48,335,31,31,961,774
img0078.jpg,1,121,303,183,336,62,33,2046,1719
img0078.jpg,2,287,309,352,341,65,32,2080,1558
img0078.jpg,3,453,313,518,351,65,38,2470,2158
img0078.jpg,4,569,317,620,352,51,35,1785,1411
img0078.jpg,5,742,313,800,357,58,44,2552,2184
img0079.jpg,0,4,303,35,334,31,31,961,746
img0079.jpg,1,107,303,169,337,62,34,2108,1801
img0079.jpg,2,273,310,336,340,63,30,1890,1458
img0079.jpg,3,440,313,504,351,64,38,2432,2123
img0079.jpg,4,555,318,606,351,51,33,1683,1335
img0079.jpg,5,729,309,789,360,60,51,3060,2298
img0080.jpg,0,0,302,20,333,20,31,620,479
img0080.jpg,1,90,301,151,337,61,36,2196,1667
img0080.jpg,2,255,312,319,340,64,28,1792,1372
img0080.jpg,3,422,312,487,351,65,39,2535,2013
img0080.jpg,4,538,317,588,351,50,34,1700,1328
img0080.jpg,5,711,310,776,359,65,49,3185,2271
img0081.jpg,0,75,301,134,336,59,35,2065,1780
img0081.jpg,1,237,312,301,340,64,28,1792,1470
img0081.jpg,2,404,312,469,348,65,36,2340,1933
img0081.jpg,3,520,315,570,351,50,36,1800,1422
img0081.jpg,4,694,307,761,355,67,48,3216,2300
img0082.jpg,0,61,302,119,337,58,35,2030,1709
img0082.jpg,1,223,307,287,340,64,33,2112,1541
img0082.jpg,2,390,312,455,347,65,35,2275,1878
img0082.jpg,3,506,313,556,351,50,38,1900,1517
img0082.jpg,4,680,308,744,356,64,48,3072,2356
img0082.jpg,5,791,312,800,351,9,39,351,262
img0083.jpg,0,46,301,102,336,56,35,1960,1621
img0083.jpg,1,204,307,268,339,64,32,2048,1591
img0083.jpg,2,374,312,437,346,63,34,2142,1703
img0083.jpg,3,490,313,538,351,48,38,1824,1529
img0083.jpg,4,665,308,728,356,63,48,3024,2347
img0084.jpg,0,29,302,84,336,55,34,1870,1612
img0084.jpg,1,186,306,250,339,64,33,2112,1674
img0084.jpg,2,357,312,420,345,63,33,2079,1746
img0084.jpg,3,472,313,521,351,49,38,1862,1540
img0084.jpg,4,649,307,711,356,62,49,3038,2416
img0085.jpg,0,16,301,71,336,55,35,1925,1576
img0085.jpg,1,173,306,237,339,64,33,2112,1663
img0085.jpg,2,343,311,406,344,63,33,2079,1684
img0085.jpg,3,458,313,508,352,50,39,1950,1545
img0085.jpg,4,635,308,698,355,63,47,2961,2431
img0085.jpg,5,744,309,800,359,56,50,2800,2247
img0086.jpg,0,0,300,53,336,53,36,1908,1508
img0086.jpg,1,153,304,218,338,65,34,2210,1648
img0086.jpg,2,323,311,385,343,62,32,1984,1678
img0086.jpg,3,441,313,490,351,49,38,1862,1508
img0086.jpg,4,617,309,679,354,62,45,2790,2225
img0086.jpg,5,727,313,800,359,73,46,3358,2898
img0087.jpg,0,0,299,38,335,38,36,1368,1190
img0087.jpg,1,137,303,201,338,64,35,2240,1751
img0087.jpg,2,305,310,367,342,62,32,1984,1635
img0087.jpg,3,424,313,472,349,48,36,1728,1381
img0087.jpg,4,602,310,661,355,59,45,2655,2095
img0087.jpg,5,711,308,789,358,78,50,3900,3101
img0088.jpg,0,0,300,24,335,24,35,840,705
img0088.jpg,1,122,302,187,336,65,34,2210,1811
img0088.jpg,2,289,309,352,341,63,32,2016,1491
img0088.jpg,3,409,313,457,347,48,34,1632,1316
img0088.jpg,4,585,314,647,353,62,39,2418,1962
img0088.jpg,5,697,310,776,359,79,49,3871,3091
img0089.jpg,0,0,302,9,332,9,30,270,185
img0089.jpg,1,105,303,169,337,64,34,2176,1864
img0089.jpg,2,273,310,334,340,61,30,1830,1382
img0089.jpg,3,392,313,440,345,48,32,1536,1201
img0089.jpg,4,568,316,628,351,60,35,2100,1787
img0089.jpg,5,679,307,759,359,80,52,4160,2991
img0090.jpg,0,88,302,150,337,62,35,2170,1723
img0090.jpg,1,255,312,315,340,60,28,1680,1294
img0090.jpg,2,375,313,422,345,47,32,1504,1201
img0090.jpg,3,549,317,608,351,59,34,2006,1738
img0090.jpg,4,662,307,736,356,74,49,3626,3134
img0091.jpg,0,75,302,137,336,62,34,2108,1838
img0091.jpg,1,240,312,301,340,61,28,1708,1378
img0091.jpg,2,360,313,407,344,47,31,1457,1181
img0091.jpg,3,536,317,595,351,59,34,2006,1643
img0091.jpg,4,649,307,728,359,79,52,4108,3236
img0092.jpg,0,58,303,118,337,60,34,2040,1740
img0092.jpg,1,222,307,283,340,61,33,2013,1479
img0092.jpg,2,344,312,388,343,44,31,1364,1082
img0092.jpg,3,519,315,577,351,58,36,2088,1717
img0092.jpg,4,633,307,711,359,78,52,4056,3193
img0093.jpg,0,42,303,101,336,59,33,1947,1685
img0093.jpg,1,202,306,263,339,61,33,2013,1570
img0093.jpg,2,323,311,367,341,44,30,1320,1103
img0093.jpg,3,501,314,559,351,58,37,2146,1870
img0093.jpg,4,616,307,693,358,77,51,3927,2997
img0094.jpg,0,29,303,86,336,57,33,1881,1649
img0094.jpg,1,188,305,249,339,61,34,2074,1597
img0094.jpg,2,309,310,353,341,44,31,1364,1071
img0094.jpg,3,487,313,545,351,58,38,2204,1881
img0094.jpg,4,604,306,679,357,75,51,3825,2787
img0094.jpg,5,784,310,800,359,16,49,784,666
img0095.jpg,0,13,300,69,336,56,36,2016,1662
img0095.jpg,1,171,305,232,339,61,34,2074,1551
img0095.jpg,2,289,311,334,339,45,28,1260,903
img0095.jpg,3,469,313,528,351,59,38,2242,1928
img0095.jpg,4,584,308,661,354,77,46,3542,2606
img0095.jpg,5,768,313,800,360,32,47,1504,1433
img0096.jpg,0,0,300,53,336,53,36,1908,1523
img0096.jpg,1,155,304,217,338,62,34,2108,1569
img0096.jpg,2,277,313,320,338,43,25,1075,800
img0096.jpg,3,455,313,514,352,59,39,2301,1940
img0096.jpg,4,570,315,648,354,78,39,3042,2517
img0096.jpg,5,752,310,800,360,48,50,2400,2059
img0097.jpg,0,0,299,39,335,39,36,1404,1231
img0097.jpg,1,137,303,199,338,62,35,2170,1698
img0097.jpg,2,259,314,302,340,43,26,1118,806
img0097.jpg,3,437,313,495,351,58,38,2204,1868
img0097.jpg,4,550,317,628,354,78,37,2886,2373
img0097.jpg,5,734,307,791,360,57,53,3021,2203
img0098.jpg,0,0,299,22,335,22,36,792,632
img0098.jpg,1,120,303,180,336,60,33,1980,1702
img0098.jpg,2,239,312,282,339,43,27,1161,868
img0098.jpg,3,418,313,479,349,61,36,2196,1728
img0098.jpg,4,533,317,607,351,74,34,2516,2193
img0098.jpg,5,720,306,772,357,52,51,2652,1990
img0099.jpg,0,100,302,162,337,62,35,2170,1777
img0099.jpg,1,220,309,263,338,43,29,1247,935
img0099.jpg,2,400,313,459,348,59,35,2065,1681
img0099.jpg,3,513,313,591,351,78,38,2964,2361
img0099.jpg,4,701,308,761,355,60,47,2820,2171
img0099.jpg,5,785,313,800,357,15,44,660,481
img0100.jpg,0,87,302,145,338,58,36,2088,1693
img0100.jpg,1,205,308,248,337,43,29,1247,1017
img0100.jpg,2,386,312,444,346,58,34,1972,1548
img0100.jpg,3,500,313,575,351,75,38,2850,2373
img0100.jpg,4,685,307,745,354,60,47,2820,2207
img0100.jpg,5,774,309,800,351,26,42,1092,953
img0101.jpg,0,71,301,129,336,58,35,2030,1754
img0101.jpg,1,186,308,230,337,44,29,1276,928
img0101.jpg,2,369,312,425,345,56,33,1848,1502
img0101.jpg,3,481,313,559,351,78,38,2964,2544
img0101.jpg,4,665,305,729,355,64,50,3200,2258
img0101.jpg,5,755,309,800,360,45,51,2295,1834
img0102.jpg,0,54,301,111,336,57,35,1995,1650
img0102.jpg,1,168,306,211,337,43,31,1333,934
img0102.jpg,2,351,312,407,344,56,32,1792,1460
img0102.jpg,3,464,312,540,352,76,40,3040,2576
img0102.jpg,4,649,307,704,359,55,52,2860,2219
img0102.jpg,5,738,308,800,359,62,51,3162,2667
img0103.jpg,0,152,304,197,337,45,33,1485,1087
img0103.jpg,1,336,311,391,343,55,32,1760,1443
img0103.jpg,2,449,312,526,353,77,41,3157,2612
img0103.jpg,3,635,308,695,357,60,49,2940,2088
img0103.jpg,4,726,305,800,359,74,54,3996,3010
img0104.jpg,0,25,303,79,336,54,33,1782,1533
img0104.jpg,1,134,304,177,336,43,32,1376,1079
img0104.jpg,2,318,310,372,341,54,31,1674,1441
img0104.jpg,3,432,312,508,352,76,40,3040,2528
img0104.jpg,4,618,309,672,357,54,48,2592,2019
img0104.jpg,5,705,313,783,359,78,46,3588,3159
img0105.jpg,0,8,301,63,335,55,34,1870,1478
img0105.jpg,1,118,305,161,335,43,30,1290,1108
img0105.jpg,2,298,309,353,341,55,32,1760,1336
img0105.jpg,3,415,312,490,351,75,39,2925,2381
img0105.jpg,4,604,309,655,351,51,42,2142,1717
img0105.jpg,5,690,307,767,359,77,52,4004,3236
img0106.jpg,0,0,299,48,336,48,37,1776,1414
img0106.jpg,1,103,303,144,336,41,33,1353,1090
img0106.jpg,2,283,310,337,340,54,30,1620,1193
img0106.jpg,3,400,312,475,349,75,37,2775,2336
img0106.jpg,4,585,313,639,353,54,40,2160,1716
img0106.jpg,5,675,308,751,355,76,47,3572,3125
img0107.jpg,0,0,299,31,335,31,36,1116,958
img0107.jpg,1,84,304,128,335,44,31,1364,1115
img0107.jpg,2,265,312,319,340,54,28,1512,1115
img0107.jpg,3,384,312,456,348,72,36,2592,2160
img0107.jpg,4,567,317,623,353,56,36,2016,1652
img0107.jpg,5,657,305,735,357,78,52,4056,3450
img0108.jpg,0,0,299,15,334,15,35,525,379
img0108.jpg,1,69,304,110,336,41,32,1312,1077
img0108.jpg,2,247,313,300,340,53,27,1431,1132
img0108.jpg,3,365,312,437,346,72,34,2448,2060
img0108.jpg,4,548,317,603,351,55,34,1870,1592
img0108.jpg,5,641,308,719,359,78,51,3978,3186
img0109.jpg,0,51,304,92,336,41,32,1312,1002
img0109.jpg,1,227,309,282,340,55,31,1705,1249
img0109.jpg,2,347,311,420,345,73,34,2482,2061
img0109.jpg,3,531,317,587,351,56,34,1904,1500
img0109.jpg,4,624,307,702,359,78,52,4056,3121
img0110.jpg,0,38,305,78,335,40,30,1200,975
img0110.jpg,1,211,308,266,339,55,31,1705,1325
img0110.jpg,2,332,311,405,344,73,33,2409,2042
img0110.jpg,3,516,315,573,351,57,36,2052,1667
img0110.jpg,4,609,308,687,357,78,49,3822,3019
img0111.jpg,0,21,304,57,335,36,31,1116,896
img0111.jpg,1,193,306,249,339,56,33,1848,1406
img0111.jpg,2,314,310,386,343,72,33,2376,1987
img0111.jpg,3,500,314,555,351,55,37,2035,1726
img0111.jpg,4,592,311,670,355,78,44,3432,2768
img0111.jpg,5,768,313,800,356,32,43,1376,1331
img0112.jpg,0,6,303,42,335,36,32,1152,940
img0112.jpg,1,175,306,229,339,54,33,1782,1342
img0112.jpg,2,293,309,365,341,72,32,2304,1859
img0112.jpg,3,480,313,536,352,56,39,2184,1754
img0112.jpg,4,576,315,650,354,74,39,2886,2437
img0112.jpg,5,744,306,789,355,45,49,2205,1454
img0113.jpg,0,0,301,30,334,30,33,990,815
img0113.jpg,1,160,305,216,338,56,33,1848,1334
img0113.jpg,2,280,309,352,341,72,32,2304,1752
img0113.jpg,3,466,313,522,353,56,40,2240,1811
img0113.jpg,4,559,317,634,353,75,36,2700,2354
img0113.jpg,5,734,313,778,359,44,46,2024,1500
img0114.jpg,0,0,301,14,333,14,32,448,318
img0114.jpg,1,145,304,199,338,54,34,1836,1412
img0114.jpg,2,262,310,332,340,70,30,2100,1645
img0114.jpg,3,448,313,504,351,56,38,2128,1791
img0114.jpg,4,540,317,618,354,78,37,2886,2250
img0114.jpg,5,720,310,763,359,43,49,2107,1610
img0115.jpg,0,124,302,179,336,55,34,1870,1488
img0115.jpg,1,243,312,314,340,71,28,1988,1598
img0115.jpg,2,432,313,486,350,54,37,1998,1681
img0115.jpg,3,523,314,597,351,74,37,2738,2157
img0115.jpg,4,702,313,743,356,41,43,1763,1456
img0116.jpg,0,105,302,161,336,56,34,1904,1561
img0116.jpg,1,224,306,295,339,71,33,2343,1801
img0116.jpg,2,413,311,466,346,53,35,1855,1534
img0116.jpg,3,504,312,576,350,72,38,2736,2215
img0116.jpg,4,681,305,720,351,39,46,1794,1514
img0116.jpg,5,771,311,800,351,29,40,1160,935
img0117.jpg,0,92,301,144,337,52,36,1872,1501
img0117.jpg,1,208,304,280,339,72,35,2520,1912
img0117.jpg,2,398,312,452,346,54,34,1836,1530
img0117.jpg,3,490,312,565,351,75,39,2925,2493
img0117.jpg,4,664,306,712,351,48,45,2160,1488
img0117.jpg,5,758,306,800,355,42,49,2058,1563
img0118.jpg,0,76,302,129,336,53,34,1802,1539
img0118.jpg,1,190,305,261,339,71,34,2414,1865
img0118.jpg,2,383,311,434,345,51,34,1734,1339
img0118.jpg,3,473,312,548,351,75,39,2925,2568
img0118.jpg,4,649,305,693,353,44,48,2112,1618
img0118.jpg,5,742,307,800,355,58,48,2784,2233
img0119.jpg,0,59,303,111,336,52,33,1716,1461
img0119.jpg,1,172,305,243,339,71,34,2414,1932
img0119.jpg,2,365,312,416,344,51,32,1632,1376
img0119.jpg,3,456,311,530,351,74,40,2960,2546
img0119.jpg,4,633,308,672,351,39,43,1677,1388
img0119.jpg,5,723,305,781,354,58,49,2842,2131
img0120.jpg,0,43,302,93,336,50,34,1700,1443
img0120.jpg,1,154,304,225,338,71,34,2414,1890
img0120.jpg,2,346,311,398,343,52,32,1664,1345
img0120.jpg,3,437,311,512,352,75,41,3075,2534
img0120.jpg,4,610,313,655,353,45,40,1800,1442
img0120.jpg,5,705,308,763,353,58,45,2610,2016
img0121.jpg,0,31,304,79,335,48,31,1488,1333
img0121.jpg,1,140,302,211,338,71,36,2556,1946
img0121.jpg,2,332,310,381,341,49,31,1519,1323
img0121.jpg,3,423,311,497,350,74,39,2886,2406
img0121.jpg,4,601,313,642,351,41,38,1558,1268
img0121.jpg,5,695,309,751,351,56,42,2352,1939
img0122.jpg,0,12,303,62,335,50,32,1600,1278
img0122.jpg,1,121,301,192,338,71,37,2627,2055
img0122.jpg,2,311,309,363,341,52,32,1664,1368
img0122.jpg,3,405,311,480,349,75,38,2850,2304
img0122.jpg,4,582,316,623,351,41,35,1435,1246
img0122.jpg,5,676,311,734,354,58,43,2494,2106
img0123.jpg,0,0,300,46,335,46,35,1610,1322
img0123.jpg,1,104,301,175,337,71,36,2556,2074
img0123.jpg,2,293,309,344,340,51,31,1581,1173
img0123.jpg,3,388,311,462,347,74,36,2664,2239
img0123.jpg,4,566,316,606,351,40,35,1400,1112
img0123.jpg,5,658,305,718,353,60,48,2880,2233
img0124.jpg,0,0,299,28,334,28,35,980,837
img0124.jpg,1,87,301,157,337,70,36,2520,2115
img0124.jpg,2,275,311,326,339,51,28,1428,1036
img0124.jpg,3,370,310,443,345,73,35,2555,2106
img0124.jpg,4,545,318,587,350,42,32,1344,1032
img0124.jpg,5,641,306,698,353,57,47,2679,2163
img0124.jpg,6,760,308,800,351,40,43,1720,1314
img0125.jpg,0,0,299,16,335,16,36,576,425
img0125.jpg,1,75,301,143,336,68,35,2380,2083
img0125.jpg,2,262,312,312,339,50,27,1350,1023
img0125.jpg,3,357,311,430,345,73,34,2482,2061
img0125.jpg,4,532,316,575,352,43,36,1548,1113
img0125.jpg,5,628,306,686,355,58,49,2842,2179
img0125.jpg,6,752,309,800,351,48,42,2016,1379
img0126.jpg,0,57,301,126,337,69,36,2484,2061
img0126.jpg,1,244,312,293,339,49,27,1323,1083
img0126.jpg,2,339,310,411,344,72,34,2448,2011
img0126.jpg,3,514,313,555,349,41,36,1476,1159
img0126.jpg,4,609,306,666,351,57,45,2565,1981
img0126.jpg,5,736,307,800,355,64,48,3072,2241
img0127.jpg,0,41,301,107,336,66,35,2310,1973
img0127.jpg,1,224,306,274,338,50,32,1600,1199
img0127.jpg,2,320,309,392,343,72,34,2448,2048
img0127.jpg,3,497,313,537,350,40,37,1480,1233
img0127.jpg,4,593,313,649,351,56,38,2128,1746
img0127.jpg,5,720,305,800,351,80,46,3680,2999
img0128.jpg,0,25,303,89,336,64,33,2112,1871
img0128.jpg,1,205,305,255,338,50,33,1650,1277
img0128.jpg,2,302,308,372,340,70,32,2240,1913
img0128.jpg,3,480,313,520,351,40,38,1520,1261
img0128.jpg,4,575,315,629,351,54,36,1944,1619
img0128.jpg,5,702,305,795,351,93,46,4278,3207
img0129.jpg,0,11,301,74,335,63,34,2142,1804
img0129.jpg,1,191,306,241,338,50,32,1600,1263
img0129.jpg,2,287,308,358,340,71,32,2272,1746
img0129.jpg,3,465,313,506,350,41,37,1517,1234
img0129.jpg,4,561,316,615,351,54,35,1890,1537
img0129.jpg,5,686,305,782,353,96,48,4608,3566
img0130.jpg,0,0,299,56,335,56,36,2016,1751
img0130.jpg,1,173,307,223,338,50,31,1550,1153
img0130.jpg,2,269,309,338,339,69,30,2070,1646
img0130.jpg,3,448,312,488,349,40,37,1480,1198
img0130.jpg,4,543,316,596,351,53,35,1855,1521
img0130.jpg,5,672,305,766,354,94,49,4606,3483
img0131.jpg,0,0,298,41,335,41,37,1517,1328
img0131.jpg,1,154,304,206,337,52,33,1716,1284
img0131.jpg,2,250,312,321,339,71,27,1917,1545
img0131.jpg,3,431,312,470,347,39,35,1365,1138
img0131.jpg,4,526,312,576,351,50,39,1950,1512
img0131.jpg,5,652,305,747,353,95,48,4560,3422
img0132.jpg,0,0,298,24,334,24,36,864,712
img0132.jpg,1,136,303,188,336,52,33,1716,1398
img0132.jpg,2,232,309,303,340,71,31,2201,1709
img0132.jpg,3,413,313,452,345,39,32,1248,1000
img0132.jpg,4,507,313,560,351,53,38,2014,1651
img0132.jpg,5,634,305,731,351,97,46,4462,3445
img0133.jpg,0,0,302,9,331,9,29,261,186
img0133.jpg,1,119,302,169,336,50,34,1700,1437
img0133.jpg,2,213,304,283,339,70,35,2450,1822
img0133.jpg,3,395,312,433,344,38,32,1216,940
img0133.jpg,4,490,313,543,351,53,38,2014,1683
img0133.jpg,5,617,305,715,354,98,49,4802,3300
img0133.jpg,6,784,309,800,351,16,42,672,655
img0134.jpg,0,105,301,156,336,51,35,1785,1458
img0134.jpg,1,198,304,269,338,71,34,2414,1812
img0134.jpg,2,384,312,420,344,36,32,1152,905
img0134.jpg,3,476,312,528,351,52,39,2028,1717
img0134.jpg,4,608,313,640,351,32,38,1216,1026
img0134.jpg,5,646,306,701,354,55,48,2640,2036
img0134.jpg,6,768,305,800,354,32,49,1568,1406
img0135.jpg,0,87,301,137,336,50,35,1750,1421
img0135.jpg,1,181,305,251,339,70,34,2380,1871
img0135.jpg,2,366,314,401,342,35,28,980,849
img0135.jpg,3,458,312,512,351,54,39,2106,1719
img0135.jpg,4,586,306,683,351,97,45,4365,3052
img0135.jpg,5,752,304,792,351,40,47,1880,1567
img0136.jpg,0,72,302,118,336,46,34,1564,1338
img0136.jpg,1,162,304,232,338,70,34,2380,1914
img0136.jpg,2,347,312,381,341,34,29,986,779
img0136.jpg,3,441,312,494,350,53,38,2014,1655
img0136.jpg,4,569,316,605,351,36,35,1260,928
img0136.jpg,5,611,313,663,351,52,38,1976,1646
img0136.jpg,6,732,308,776,357,44,49,2156,1600
img0137.jpg,0,56,302,102,336,46,34,1564,1293
img0137.jpg,1,147,302,215,338,68,36,2448,1830
img0137.jpg,2,328,311,363,339,35,28,980,814
img0137.jpg,3,424,312,475,348,51,36,1836,1516
img0137.jpg,4,549,317,586,351,37,34,1258,927
img0137.jpg,5,593,313,648,351,55,38,2090,1662
img0137.jpg,6,716,305,762,354,46,49,2254,1587
img0138.jpg,0,39,303,85,336,46,33,1518,1260
img0138.jpg,1,128,301,198,338,70,37,2590,2011
img0138.jpg,2,310,310,345,339,35,29,1015,805
img0138.jpg,3,406,312,458,346,52,34,1768,1478
img0138.jpg,4,533,314,570,350,37,36,1332,976
img0138.jpg,5,577,315,624,351,47,36,1692,1457
img0138.jpg,6,697,305,747,357,50,52,2600,1857
img0138.jpg,7,786,313,800,351,14,38,532,419
img0139.jpg,0,26,303,69,335,43,32,1376,1186
img0139.jpg,1,113,302,184,336,71,34,2414,2012
img0139.jpg,2,296,310,330,338,34,28,952,685
img0139.jpg,3,392,312,444,345,52,33,1716,1378
img0139.jpg,4,520,313,613,351,93,38,3534,2407
img0139.jpg,5,688,308,729,353,41,45,1845,1598
img0139.jpg,6,775,313,800,351,25,38,950,794
img0140.jpg,0,9,303,53,335,44,32,1408,1167
img0140.jpg,1,96,301,166,336,70,35,2450,2091
img0140.jpg,2,278,313,312,336,34,23,782,552
img0140.jpg,3,376,312,426,345,50,33,1650,1302
img0140.jpg,4,501,314,541,349,40,35,1400,1058
img0140.jpg,5,543,317,592,351,49,34,1666,1345
img0140.jpg,6,664,307,711,351,47,44,2068,1583
img0140.jpg,7,755,309,800,351,45,42,1890,1628
img0141.jpg,0,0,300,35,335,35,35,1225,1085
img0141.jpg,1,79,300,144,337,65,37,2405,2019
img0141.jpg,2,260,315,293,338,33,23,759,607
img0141.jpg,3,357,312,407,343,50,31,1550,1274
img0141.jpg,4,483,313,575,351,92,38,3496,2639
img0141.jpg,5,648,305,695,351,47,46,2162,1668
img0141.jpg,6,738,305,784,351,46,46,2116,1734
img0142.jpg,0,0,298,20,334,20,36,720,590
img0142.jpg,1,63,301,130,336,67,35,2345,2032
img0142.jpg,2,240,315,275,338,35,23,805,629
img0142.jpg,3,339,311,388,342,49,31,1519,1221
img0142.jpg,4,465,313,502,350,37,37,1369,1087
img0142.jpg,5,507,312,559,349,52,37,1924,1562
img0142.jpg,6,632,308,674,351,42,43,1806,1449
img0142.jpg,7,724,305,767,359,43,54,2322,1800
img0143.jpg,0,47,300,112,336,65,36,2340,1986
img0143.jpg,1,223,309,256,337,33,28,924,725
img0143.jpg,2,320,310,368,340,48,30,1440,1240
img0143.jpg,3,447,313,485,349,38,36,1368,1063
img0143.jpg,4,491,312,543,350,52,38,1976,1589
img0143.jpg,5,613,310,656,351,43,41,1763,1376
img0143.jpg,6,705,311,752,353,47,42,1974,1691
img0144.jpg,0,33,301,96,337,63,36,2268,1886
img0144.jpg,1,207,308,242,336,35,28,980,789
img0144.jpg,2,305,309,353,340,48,31,1488,1188
img0144.jpg,3,434,312,470,347,36,35,1260,979
img0144.jpg,4,478,312,528,351,50,39,1950,1597
img0144.jpg,5,601,313,644,351,43,38,1634,1322
img0144.jpg,6,693,308,741,357,48,49,2352,1815
img0145.jpg,0,16,301,80,336,64,35,2240,1895
img0145.jpg,1,189,309,224,336,35,27,945,649
img0145.jpg,2,287,309,335,339,48,30,1440,1022
img0145.jpg,3,416,313,453,346,37,33,1221,872
img0145.jpg,4,459,312,510,351,51,39,1989,1589
img0145.jpg,5,583,315,624,351,41,36,1476,1262
img0145.jpg,6,673,305,720,351,47,46,2162,1892
img0146.jpg,0,0,300,64,335,64,35,2240,1790
img0146.jpg,1,172,307,208,336,36,29,1044,707
img0146.jpg,2,271,312,318,339,47,27,1269,937
img0146.jpg,3,399,312,435,345,36,33,1188,829
img0146.jpg,4,442,312,492,350,50,38,1900,1540
img0146.jpg,5,565,316,607,351,42,35,1470,1211
img0146.jpg,6,657,305,704,353,47,48,2256,1817
img0147.jpg,0,0,297,46,335,46,38,1748,1476
img0147.jpg,1,154,305,190,336,36,31,1116,848
img0147.jpg,2,251,312,299,339,48,27,1296,952
img0147.jpg,3,384,313,416,343,32,30,960,755
img0147.jpg,4,425,312,474,348,49,36,1764,1411
img0147.jpg,5,545,318,590,351,45,33,1485,1121
img0147.jpg,6,640,306,688,351,48,45,2160,1817
img0147.jpg,7,751,305,800,359,49,54,2646,2267
img0148.jpg,0,0,297,30,335,30,38,1140,895
img0148.jpg,1,135,304,171,335,36,31,1116,885
img0148.jpg,2,233,311,279,338,46,27,1242,1005
img0148.jpg,3,365,314,397,343,32,29,928,740
img0148.jpg,4,407,312,456,346,49,34,1666,1345
img0148.jpg,5,528,312,572,350,44,38,1672,1251
img0148.jpg,6,624,310,671,351,47,41,1927,1705
img0148.jpg,7,731,304,800,354,69,50,3450,2917
img0149.jpg,0,0,300,14,334,14,34,476,341
img0149.jpg,1,119,305,154,335,35,30,1050,846
img0149.jpg,2,214,307,261,337,47,30,1410,1093
img0149.jpg,3,348,311,378,340,30,29,870,686
img0149.jpg,4,391,311,438,345,47,34,1598,1236
img0149.jpg,5,512,313,554,349,42,36,1512,1236
img0149.jpg,6,608,311,654,351,46,40,1840,1587
img0149.jpg,7,714,305,800,359,86,54,4644,3834
img0150.jpg,0,101,303,136,335,35,32,1120,902
img0150.jpg,1,196,306,244,337,48,31,1488,1163
img0150.jpg,2,330,311,360,340,30,29,870,682
img0150.jpg,3,373,312,420,344,47,32,1504,1229
img0150.jpg,4,495,313,537,350,42,37,1554,1242
img0150.jpg,5,590,315,635,351,45,36,1620,1372
img0150.jpg,6,693,305,783,355,90,50,4500,3620
img0151.jpg,0,88,303,122,334,34,31,1054,830
img0151.jpg,1,182,307,230,337,48,30,1440,1098
img0151.jpg,2,316,310,344,339,28,29,812,671
img0151.jpg,3,360,312,406,343,46,31,1426,1187
img0151.jpg,4,481,312,523,351,42,39,1638,1309
img0151.jpg,5,576,316,622,351,46,35,1610,1419
img0151.jpg,6,684,305,767,359,83,54,4482,3722
img0152.jpg,0,71,304,105,335,34,31,1054,836
img0152.jpg,1,163,305,212,337,49,32,1568,1097
img0152.jpg,2,296,312,326,339,30,27,810,572
img0152.jpg,3,342,310,387,342,45,32,1440,1122
img0152.jpg,4,463,312,505,350,42,38,1596,1304
img0152.jpg,5,557,316,602,351,45,35,1575,1248
img0152.jpg,6,662,305,751,359,89,54,4806,3679
img0152.jpg,7,786,313,800,351,14,38,532,308
img0153.jpg,0,55,304,87,335,32,31,992,770
img0153.jpg,1,147,303,194,336,47,33,1551,1216
img0153.jpg,2,278,312,307,337,29,25,725,505
img0153.jpg,3,322,309,367,340,45,31,1395,1158
img0153.jpg,4,445,312,487,349,42,37,1554,1268
img0153.jpg,5,537,316,585,351,48,35,1680,1244
img0153.jpg,6,647,305,737,355,90,50,4500,3852
img0154.jpg,0,39,304,69,333,30,29,870,707
img0154.jpg,1,128,303,176,335,48,32,1536,1266
img0154.jpg,2,260,314,290,339,30,25,750,556
img0154.jpg,3,305,309,349,340,44,31,1364,1097
img0154.jpg,4,428,312,469,347,41,35,1435,1170
img0154.jpg,5,521,313,568,351,47,38,1786,1337
img0154.jpg,6,631,305,719,359,88,54,4752,3731
img0154.jpg,7,754,305,800,353,46,48,2208,1729
img0155.jpg,0,21,304,52,334,31,30,930,733
img0155.jpg,1,110,302,159,336,49,34,1666,1330
img0155.jpg,2,241,312,272,338,31,26,806,566
img0155.jpg,3,286,310,329,339,43,29,1247,909
img0155.jpg,4,410,313,451,346,41,33,1353,1069
img0155.jpg,5,503,313,549,349,46,36,1656,1359
img0155.jpg,6,610,305,699,354,89,49,4361,3460
img0155.jpg,7,739,307,800,357,61,50,3050,2296
img0156.jpg,0,5,304,36,333,31,29,899,685
img0156.jpg,1,93,302,140,336,47,34,1598,1294
img0156.jpg,2,224,306,253,337,29,31,899,671
img0156.jpg,3,269,312,312,339,43,27,1161,875
img0156.jpg,4,393,312,432,344,39,32,1248,988
img0156.jpg,5,486,312,531,351,45,39,1755,1420
img0156.jpg,6,596,306,683,353,87,47,4089,3197
img0156.jpg,7,722,305,800,359,78,54,4212,2921
img0157.jpg,0,0,302,23,333,23,31,713,583
img0157.jpg,1,79,302,127,335,48,33,1584,1266
img0157.jpg,2,208,307,239,337,31,30,930,718
img0157.jpg,3,254,312,297,339,43,27,1161,887
img0157.jpg,4,382,312,418,343,36,31,1116,923
img0157.jpg,5,472,312,517,352,45,40,1800,1447
img0157.jpg,6,581,309,669,351,88,42,3696,3010
img0157.jpg,7,705,305,783,353,78,48,3744,2756
img0158.jpg,0,64,303,109,336,45,33,1485,1229
img0158.jpg,1,191,311,220,338,29,27,783,599
img0158.jpg,2,235,311,279,338,44,27,1188,934
img0158.jpg,3,363,313,401,343,38,30,1140,925
img0158.jpg,4,454,312,500,350,46,38,1748,1420
img0158.jpg,5,564,309,652,351,88,42,3696,2900
img0158.jpg,6,695,305,768,354,73,49,3577,2690
img0159.jpg,0,48,302,92,336,44,34,1496,1185
img0159.jpg,1,173,306,204,336,31,30,930,652
img0159.jpg,2,216,307,260,337,44,30,1320,1018
img0159.jpg,3,345,311,381,341,36,30,1080,850
img0159.jpg,4,437,312,481,349,44,37,1628,1355
img0159.jpg,5,545,316,632,351,87,35,3045,2605
img0159.jpg,6,673,305,751,353,78,48,3744,2817
img0160.jpg,0,32,303,73,335,41,32,1312,1136
img0160.jpg,1,155,304,187,337,32,33,1056,766
img0160.jpg,2,199,305,243,337,44,32,1408,1113
img0160.jpg,3,327,310,363,340,36,30,1080,895
img0160.jpg,4,420,311,465,347,45,36,1620,1250
img0160.jpg,5,528,314,614,351,86,37,3182,2546
img0160.jpg,6,657,305,735,354,78,49,3822,2834
img0161.jpg,0,15,303,57,335,42,32,1344,1080
img0161.jpg,1,137,303,168,335,31,32,992,786
img0161.jpg,2,179,308,224,337,45,29,1305,978
img0161.jpg,3,308,310,345,339,37,29,1073,849
img0161.jpg,4,402,312,448,345,46,33,1518,1194
img0161.jpg,5,512,312,597,351,85,39,3315,2627
img0161.jpg,6,641,305,719,351,78,46,3588,2807
img0162.jpg,0,0,301,39,335,39,34,1326,1106
img0162.jpg,1,120,304,151,335,31,31,961,714
img0162.jpg,2,162,304,208,337,46,33,1518,1046
img0162.jpg,3,289,310,327,338,38,28,1064,706
img0162.jpg,4,386,311,431,345,45,34,1530,1108
img0162.jpg,5,495,312,576,351,81,39,3159,2673
img0162.jpg,6,625,306,703,351,78,45,3510,2737
img0163.jpg,0,0,300,25,333,25,33,825,654
img0163.jpg,1,104,302,135,336,31,34,1054,797
img0163.jpg,2,148,303,191,337,43,34,1462,1155
img0163.jpg,3,273,312,311,337,38,25,950,624
img0163.jpg,4,370,313,412,343,42,30,1260,1057
img0163.jpg,5,479,312,562,351,83,39,3237,2880
img0163.jpg,6,609,310,687,351,78,41,3198,2473
img0163.jpg,7,783,309,800,351,17,42,714,657
img0164.jpg,0,0,302,9,331,9,29,261,204
img0164.jpg,1,87,303,117,334,30,31,930,719
img0164.jpg,2,127,303,174,335,47,32,1504,1187
img0164.jpg,3,256,315,292,338,36,23,828,671
img0164.jpg,4,353,312,394,342,41,30,1230,1033
img0164.jpg,5,461,312,544,352,83,40,3320,2939
img0164.jpg,6,593,313,671,351,78,38,2964,2306
img0164.jpg,7,760,309,800,355,40,46,1840,1346
img0165.jpg,0,72,304,102,335,30,31,930,697
img0165.jpg,1,110,303,157,336,47,33,1551,1226
img0165.jpg,2,239,313,275,337,36,24,864,698
img0165.jpg,3,336,310,376,340,40,30,1200,1008
img0165.jpg,4,444,311,529,351,85,40,3400,2950
img0165.jpg,5,575,313,652,351,77,38,2926,2298
img0165.jpg,6,749,306,784,359,35,53,1855,1436
img0166.jpg,0,59,303,88,336,29,33,957,704
img0166.jpg,1,97,303,143,336,46,33,1518,1204
img0166.jpg,2,225,309,260,337,35,28,980,767
img0166.jpg,3,321,310,362,340,41,30,1230,1028
img0166.jpg,4,432,311,517,352,85,41,3485,2929
img0166.jpg,5,561,315,639,351,78,36,2808,2173
img0166.jpg,6,736,308,777,353,41,45,1845,1408
img0167.jpg,0,43,303,72,334,29,31,899,674
img0167.jpg,1,80,300,127,335,47,35,1645,1240
img0167.jpg,2,206,307,243,336,37,29,1073,854
img0167.jpg,3,304,309,343,339,39,30,1170,947
img0167.jpg,4,415,311,500,351,85,40,3400,2762
img0167.jpg,5,544,316,623,351,79,35,2765,2099
img0167.jpg,6,720,307,761,359,41,52,2132,1539
img0167.jpg,7,784,309,800,351,16,42,672,549
img0168.jpg,0,27,303,54,332,27,29,783,601
img0168.jpg,1,63,300,109,335,46,35,1610,1239
img0168.jpg,2,188,306,225,336,37,30,1110,772
img0168.jpg,3,286,311,327,337,41,26,1066,781
img0168.jpg,4,398,310,483,349,85,39,3315,2705
img0168.jpg,5,528,312,607,351,79,39,3081,2067
img0168.jpg,6,705,305,745,351,40,46,1840,1477
img0168.jpg,7,768,309,800,357,32,48,1536,1298
img0169.jpg,0,12,304,36,333,24,29,696,541
img0169.jpg,1,48,301,90,335,42,34,1428,1113
img0169.jpg,2,172,307,209,336,37,29,1073,762
img0169.jpg,3,270,312,310,337,40,25,1000,718
img0169.jpg,4,383,311,465,347,82,36,2952,2536
img0169.jpg,5,511,312,587,348,76,36,2736,1850
img0169.jpg,6,689,310,727,354,38,44,1672,1306
img0169.jpg,7,753,311,800,355,47,44,2068,1681
img0170.jpg,0,0,306,24,333,24,27,648,489
img0170.jpg,1,34,304,73,336,39,32,1248,1002
img0170.jpg,2,155,306,193,337,38,31,1178,899
img0170.jpg,3,252,316,292,340,40,24,960,754
img0170.jpg,4,365,312,448,347,83,35,2905,2463
img0170.jpg,5,493,313,567,351,74,38,2812,1882
img0170.jpg,6,673,313,711,354,38,41,1558,1241
img0170.jpg,7,736,311,800,354,64,43,2752,2242
img0171.jpg,0,17,304,57,336,40,32,1280,973
img0171.jpg,1,138,305,175,336,37,31,1147,909
img0171.jpg,2,234,312,273,340,39,28,1092,809
img0171.jpg,3,349,312,431,348,82,36,2952,2398
img0171.jpg,4,477,314,553,352,76,38,2888,2054
img0171.jpg,5,653,313,690,355,37,42,1554,1246
img0171.jpg,6,721,313,792,357,71,44,3124,2497
img0172.jpg,0,5,303,41,336,36,33,1188,925
img0172.jpg,1,122,307,160,337,38,30,1140,936
img0172.jpg,2,216,309,256,340,40,31,1240,904
img0172.jpg,3,331,312,414,346,83,34,2822,2423
img0172.jpg,4,460,314,537,353,77,39,3003,2103
img0172.jpg,5,640,313,672,355,32,42,1344,1149
img0172.jpg,6,704,313,777,356,73,43,3139,2522
img0173.jpg,0,0,302,25,335,25,33,825,729
img0173.jpg,1,105,304,142,337,37,33,1221,942
img0173.jpg,2,199,308,240,339,41,31,1271,955
img0173.jpg,3,313,310,397,345,84,35,2940,2424
img0173.jpg,4,443,314,520,351,77,37,2849,2128
img0173.jpg,5,623,313,656,355,33,42,1386,1096
img0173.jpg,6,688,313,767,356,79,43,3397,2727
img0174.jpg,0,0,301,10,332,10,31,310,251
img0174.jpg,1,90,303,127,335,37,32,1184,885
img0174.jpg,2,183,310,223,337,40,27,1080,827
img0174.jpg,3,296,308,379,342,83,34,2822,2263
img0174.jpg,4,428,312,504,349,76,37,2812,2032
img0174.jpg,5,609,315,642,351,33,36,1188,965
img0174.jpg,6,672,309,749,353,77,44,3388,2724
img0175.jpg,0,75,304,110,333,35,29,1015,827
img0175.jpg,1,167,305,208,336,41,31,1271,899
img0175.jpg,2,280,307,362,340,82,33,2706,2123
img0175.jpg,3,412,311,487,346,75,35,2625,1944
img0175.jpg,4,593,316,627,351,34,35,1190,899
img0175.jpg,5,656,309,735,354,79,45,3555,2724
img0176.jpg,0,59,301,92,335,33,34,1122,834
img0176.jpg,1,150,303,191,336,41,33,1353,1043
img0176.jpg,2,263,308,344,339,81,31,2511,2008
img0176.jpg,3,396,311,470,344,74,33,2442,1851
img0176.jpg,4,577,318,607,351,30,33,990,793
img0176.jpg,5,641,310,719,353,78,43,3354,2761
img0176.jpg,6,788,313,800,351,12,38,456,322
img0177.jpg,0,45,302,76,334,31,32,992,772
img0177.jpg,1,133,302,174,335,41,33,1353,1046
img0177.jpg,2,247,310,328,340,81,30,2430,1931
img0177.jpg,3,382,311,454,345,72,34,2448,1658
img0177.jpg,4,560,317,591,349,31,32,992,858
img0177.jpg,5,625,309,703,351,78,42,3276,2613
img0177.jpg,6,775,313,800,353,25,40,1000,839
img0178.jpg,0,32,305,62,333,30,28,840,659
img0178.jpg,1,119,304,159,335,40,31,1240,1077
img0178.jpg,2,230,307,312,340,82,33,2706,2058
img0178.jpg,3,365,312,438,344,73,32,2336,1559
img0178.jpg,4,542,319,577,349,35,30,1050,830
img0178.jpg,5,609,313,687,351,78,38,2964,2480
img0178.jpg,6,760,310,800,354,40,44,1760,1538
img0179.jpg,0,17,303,48,334,31,31,961,673
img0179.jpg,1,106,301,144,336,38,35,1330,1011
img0179.jpg,2,216,304,299,340,83,36,2988,2209
img0179.jpg,3,352,311,425,343,73,32,2336,1577
img0179.jpg,4,528,315,567,349,39,34,1326,975
img0179.jpg,5,600,313,672,351,72,38,2736,2236
img0179.jpg,6,750,313,800,355,50,42,2100,1929
img0180.jpg,0,5,304,32,333,27,29,783,580
img0180.jpg,1,89,300,129,335,40,35,1400,1048
img0180.jpg,2,200,304,282,339,82,35,2870,2280
img0180.jpg,3,336,309,408,341,72,32,2304,1489
img0180.jpg,4,512,313,550,349,38,36,1368,1068
img0180.jpg,5,578,313,656,351,78,38,2964,2153
img0180.jpg,6,734,309,798,355,64,46,2944,2348
img0181.jpg,0,0,303,16,331,16,28,448,350
img0181.jpg,1,73,304,111,334,38,30,1140,950
img0181.jpg,2,181,303,262,339,81,36,2916,2251
img0181.jpg,3,316,308,365,340,49,32,1568,1213
img0181.jpg,4,495,313,533,350,38,37,1406,1060
img0181.jpg,5,561,318,639,351,78,33,2574,2032
img0181.jpg,6,714,309,779,353,65,44,2860,2361
img0182.jpg,0,60,302,97,335,37,33,1221,970
img0182.jpg,1,168,303,250,339,82,36,2952,2316
img0182.jpg,2,303,308,351,339,48,31,1488,1141
img0182.jpg,3,481,313,520,351,39,38,1482,1114
img0182.jpg,4,546,317,626,351,80,34,2720,2012
img0182.jpg,5,702,309,767,354,65,45,2925,2507
img0183.jpg,0,46,302,81,333,35,31,1085,883
img0183.jpg,1,152,301,233,338,81,37,2997,2363
img0183.jpg,2,286,308,334,338,48,30,1440,985
img0183.jpg,3,465,312,504,349,39,37,1443,1122
img0183.jpg,4,530,313,608,349,78,36,2808,1967
img0183.jpg,5,688,309,751,354,63,45,2835,2476
img0184.jpg,0,32,304,67,333,35,29,1015,847
img0184.jpg,1,137,300,218,337,81,37,2997,2308
img0184.jpg,2,272,311,319,337,47,26,1222,919
img0184.jpg,3,451,313,489,349,38,36,1368,1104
img0184.jpg,4,516,312,592,348,76,36,2736,2037
img0184.jpg,5,672,310,736,351,64,41,2624,2408
img0185.jpg,0,18,303,51,333,33,30,990,778
img0185.jpg,1,122,300,204,337,82,37,3034,2428
img0185.jpg,2,256,312,303,339,47,27,1269,943
img0185.jpg,3,437,312,473,348,36,36,1296,1035
img0185.jpg,4,502,312,582,348,80,36,2880,2189
img0185.jpg,5,657,309,720,353,63,44,2772,2485
img0186.jpg,0,7,304,37,335,30,31,930,722
img0186.jpg,1,108,301,189,338,81,37,2997,2520
img0186.jpg,2,240,310,287,339,47,29,1363,989
img0186.jpg,3,421,313,458,347,37,34,1258,944
img0186.jpg,4,487,313,567,351,80,38,3040,2312
img0186.jpg,5,641,311,707,355,66,44,2904,2439
img0186.jpg,6,790,317,800,351,10,34,340,297
img0187.jpg,0,0,301,22,333,22,32,704,587
img0187.jpg,1,93,300,172,337,79,37,2923,2470
img0187.jpg,2,224,307,268,338,44,31,1364,1032
img0187.jpg,3,406,314,442,346,36,32,1152,874
img0187.jpg,4,471,312,551,351,80,39,3120,2428
img0187.jpg,5,625,313,693,354,68,41,2788,2305
img0187.jpg,6,776,313,800,351,24,38,912,790
img0188.jpg,0,78,300,156,337,78,37,2886,2507
img0188.jpg,1,207,306,253,338,46,32,1472,1182
img0188.jpg,2,390,312,426,345,36,33,1188,884
img0188.jpg,3,454,312,535,351,81,39,3159,2463
img0188.jpg,4,610,313,677,353,67,40,2680,2211
img0188.jpg,5,760,311,800,355,40,44,1760,1513
img0189.jpg,0,64,299,141,337,77,38,2926,2541
img0189.jpg,1,192,306,242,339,50,33,1650,1152
img0189.jpg,2,376,315,411,344,35,29,1015,805
img0189.jpg,3,441,313,521,351,80,38,3040,2433
img0189.jpg,4,594,313,662,352,68,39,2652,2047
img0189.jpg,5,749,310,800,356,51,46,2346,1988
img0190.jpg,0,50,300,128,338,78,38,2964,2514
img0190.jpg,1,177,308,223,338,46,30,1380,1040
img0190.jpg,2,362,314,396,343,34,29,986,798
img0190.jpg,3,426,312,505,351,79,39,3081,2338
img0190.jpg,4,580,314,648,351,68,37,2516,2029
img0190.jpg,5,734,313,797,355,63,42,2646,2377
img0191.jpg,0,38,301,112,337,74,36,2664,2290
img0191.jpg,1,161,305,210,338,49,33,1617,1111
img0191.jpg,2,347,312,379,342,32,30,960,727
img0191.jpg,3,411,312,491,349,80,37,2960,2234
img0191.jpg,4,567,317,631,351,64,34,2176,1783
img0191.jpg,5,718,310,783,359,65,49,3185,2465
img0192.jpg,0,25,301,97,337,72,36,2592,2261
img0192.jpg,1,148,304,216,338,68,34,2312,1366
img0192.jpg,2,333,312,363,341,30,29,870,721
img0192.jpg,3,396,312,476,348,80,36,2880,2199
img0192.jpg,4,550,321,615,351,65,30,1950,1630
img0192.jpg,5,704,311,768,354,64,43,2752,2370
img0193.jpg,0,12,301,82,336,70,35,2450,2147
img0193.jpg,1,132,303,201,336,69,33,2277,1389
img0193.jpg,2,317,311,348,340,31,29,899,744
img0193.jpg,3,384,312,461,346,77,34,2618,2022
img0193.jpg,4,535,316,599,351,64,35,2240,1693
img0193.jpg,5,689,310,756,354,67,44,2948,2519
img0194.jpg,0,0,300,67,336,67,36,2412,2166
img0194.jpg,1,118,303,186,336,68,33,2244,1475
img0194.jpg,2,302,310,332,339,30,29,870,662
img0194.jpg,3,368,313,447,345,79,32,2528,1966
img0194.jpg,4,520,315,589,351,69,36,2484,1768
img0194.jpg,5,673,311,745,354,72,43,3096,2525
img0195.jpg,0,0,300,53,336,53,36,1908,1698
img0195.jpg,1,103,302,148,337,45,35,1575,1202
img0195.jpg,2,149,311,169,325,20,14,280,215
img0195.jpg,3,286,313,318,337,32,24,768,556
img0195.jpg,4,353,312,431,344,78,32,2496,1920
img0195.jpg,5,505,313,574,351,69,38,2622,1912
img0195.jpg,6,657,311,729,354,72,43,3096,2516
img0196.jpg,0,0,298,39,336,39,38,1482,1263
img0196.jpg,1,89,302,144,336,55,34,1870,1330
img0196.jpg,2,272,314,303,339,31,25,775,564
img0196.jpg,3,338,311,416,343,78,32,2496,1888
img0196.jpg,4,491,313,559,351,68,38,2584,2163
img0196.jpg,5,647,311,717,354,70,43,3010,2531
img0196.jpg,6,788,316,800,351,12,35,420,287
img0197.jpg,0,0,301,25,336,25,35,875,757
img0197.jpg,1,76,303,142,336,66,33,2178,1473
img0197.jpg,2,257,315,289,339,32,24,768,584
img0197.jpg,3,323,310,401,342,78,32,2496,1839
img0197.jpg,4,477,312,543,351,66,39,2574,2229
img0197.jpg,5,632,310,702,355,70,45,3150,2499
img0197.jpg,6,776,313,800,351,24,38,912,746
img0198.jpg,0,0,304,14,334,14,30,420,294
img0198.jpg,1,63,302,128,336,65,34,2210,1439
img0198.jpg,2,241,315,273,339,32,24,768,582
img0198.jpg,3,308,309,383,341,75,32,2400,1761
img0198.jpg,4,463,312,529,351,66,39,2574,2204
img0198.jpg,5,619,311,687,353,68,42,2856,2371
img0198.jpg,6,763,310,800,353,37,43,1591,1318
img0199.jpg,0,48,301,112,336,64,35,2240,1456
img0199.jpg,1,226,310,258,338,32,28,896,683
img0199.jpg,2,293,309,368,340,75,31,2325,1536
img0199.jpg,3,448,313,516,351,68,38,2584,2236
img0199.jpg,4,608,313,671,353,63,40,2520,2267
img0199.jpg,5,752,309,800,354,48,45,2160,1866
img0200.jpg,0,36,303,100,336,64,33,2112,1355
img0200.jpg,1,212,308,244,337,32,29,928,740
img0200.jpg,2,279,310,334,340,55,30,1650,1101
img0200.jpg,3,335,316,353,339,18,23,414,308
img0200.jpg,4,435,312,501,351,66,39,2574,2183
img0200.jpg,5,591,313,655,351,64,38,2432,2098
img0200.jpg,6,736,310,791,354,55,44,2420,1968
img0201.jpg,0,24,304,85,335,61,31,1891,1274
img0201.jpg,1,198,307,230,339,32,32,1024,693
img0201.jpg,2,266,312,337,340,71,28,1988,1415
img0201.jpg,3,420,312,487,351,67,39,2613,2070
img0201.jpg,4,577,316,643,351,66,35,2310,2005
img0201.jpg,5,722,313,777,355,55,42,2310,1955
img0202.jpg,0,12,302,69,335,57,33,1881,1216
img0202.jpg,1,183,312,216,337,33,25,825,654
img0202.jpg,2,250,312,325,340,75,28,2100,1419
img0202.jpg,3,407,312,473,349,66,37,2442,2018
img0202.jpg,4,561,317,631,351,70,34,2380,1932
img0202.jpg,5,706,313,767,356,61,43,2623,2037
img0203.jpg,0,0,302,54,334,54,32,1728,1097
img0203.jpg,1,169,305,202,337,33,32,1056,697
img0203.jpg,2,236,309,312,339,76,30,2280,1417
img0203.jpg,3,393,311,459,347,66,36,2376,1936
img0203.jpg,4,545,317,615,351,70,34,2380,1830
img0203.jpg,5,695,312,751,355,56,43,2408,2035
img0204.jpg,0,0,303,42,332,42,29,1218,748
img0204.jpg,1,155,304,189,336,34,32,1088,823
img0204.jpg,2,222,305,296,338,74,33,2442,1528
img0204.jpg,3,383,311,447,345,64,34,2176,1849
img0204.jpg,4,532,315,600,351,68,36,2448,1789
img0204.jpg,5,684,309,740,354,56,45,2520,2050
img0205.jpg,0,0,300,24,330,24,30,720,348
img0205.jpg,1,141,302,175,335,34,33,1122,799
img0205.jpg,2,207,304,258,338,51,34,1734,1360
img0205.jpg,3,261,320,282,336,21,16,336,215
img0205.jpg,4,369,312,432,346,63,34,2142,1796
img0205.jpg,5,520,314,591,351,71,37,2627,1953
img0205.jpg,6,672,313,729,354,57,41,2337,2048
img0206.jpg,0,127,302,160,335,33,33,1089,858
img0206.jpg,1,192,304,267,338,75,34,2550,1551
img0206.jpg,2,353,310,417,344,64,34,2176,1805
img0206.jpg,3,505,312,575,351,70,39,2730,2059
img0206.jpg,4,657,310,713,353,56,43,2408,2115
img0206.jpg,5,788,313,800,351,12,38,456,311
img0207.jpg,0,113,304,145,336,32,32,1024,768
img0207.jpg,1,178,304,254,339,76,35,2660,1599
img0207.jpg,2,340,311,404,344,64,33,2112,1744
img0207.jpg,3,492,313,561,351,69,38,2622,2252
img0207.jpg,4,641,312,703,355,62,43,2666,2133
img0207.jpg,5,781,313,800,351,19,38,722,642
img0208.jpg,0,101,304,134,337,33,33,1089,838
img0208.jpg,1,166,305,241,340,75,35,2625,1572
img0208.jpg,2,324,312,389,345,65,33,2145,1763
img0208.jpg,3,478,315,547,353,69,38,2622,2204
img0208.jpg,4,628,313,687,359,59,46,2714,2133
img0208.jpg,5,762,313,800,359,38,46,1748,1321
img0209.jpg,0,88,304,120,336,32,32,1024,779
img0209.jpg,1,151,304,225,340,74,36,2664,1673
img0209.jpg,2,309,311,374,343,65,32,2080,1751
img0209.jpg,3,464,314,534,353,70,39,2730,2302
img0209.jpg,4,616,313,671,354,55,41,2255,1895
img0209.jpg,5,753,313,784,356,31,43,1333,1171
img0210.jpg,0,76,307,108,337,32,30,960,743
img0210.jpg,1,137,304,215,339,78,35,2730,1732
img0210.jpg,2,296,311,360,344,64,33,2112,1613
img0210.jpg,3,450,314,521,354,71,40,2840,2336
img0210.jpg,4,607,313,656,355,49,42,2058,1648
img0210.jpg,5,737,313,777,359,40,46,1840,1376
img0211.jpg,0,63,305,93,338,30,33,990,743
img0211.jpg,1,123,303,200,338,77,35,2695,1791
img0211.jpg,2,282,311,344,342,62,31,1922,1461
img0211.jpg,3,438,314,507,353,69,39,2691,2267
img0211.jpg,4,585,318,645,354,60,36,2160,1728
img0211.jpg,5,724,313,765,356,41,43,1763,1267
img0211.jpg,6,787,313,800,351,13,38,494,359
img0212.jpg,0,49,305,79,337,30,32,960,714
img0212.jpg,1,109,304,186,339,77,35,2695,1876
img0212.jpg,2,270,314,332,343,62,29,1798,1403
img0212.jpg,3,425,316,496,354,71,38,2698,2183
img0212.jpg,4,576,321,633,357,57,36,2052,1632
img0212.jpg,5,713,316,752,359,39,43,1677,1336
img0212.jpg,6,781,321,800,361,19,40,760,658
img0213.jpg,0,39,305,66,335,27,30,810,608
img0213.jpg,1,96,301,147,338,51,37,1887,1428
img0213.jpg,2,148,308,172,335,24,27,648,422
img0213.jpg,3,256,314,319,341,63,27,1701,1310
img0213.jpg,4,412,314,481,352,69,38,2622,2106
img0213.jpg,5,561,320,619,354,58,34,1972,1518
img0213.jpg,6,699,313,742,359,43,46,1978,1405
img0213.jpg,7,768,313,800,359,32,46,1472,1366
img0214.jpg,0,27,306,52,335,25,29,725,595
img0214.jpg,1,84,301,160,337,76,36,2736,1875
img0214.jpg,2,241,312,305,341,64,29,1856,1409
img0214.jpg,3,399,313,469,349,70,36,2520,2122
img0214.jpg,4,547,319,605,351,58,32,1856,1514
img0214.jpg,5,688,313,729,357,41,44,1804,1418
img0214.jpg,6,753,313,800,359,47,46,2162,1957
img0215.jpg,0,15,304,40,335,25,31,775,577
img0215.jpg,1,73,299,144,336,71,37,2627,1860
img0215.jpg,2,228,307,291,340,63,33,2079,1548
img0215.jpg,3,386,312,455,348,69,36,2484,2059
img0215.jpg,4,534,316,591,351,57,35,1995,1583
img0215.jpg,5,673,313,714,355,41,42,1722,1378
img0215.jpg,6,738,313,800,359,62,46,2852,2510
img0216.jpg,0,0,306,27,333,27,27,729,521
img0216.jpg,1,58,300,132,337,74,37,2738,1869
img0216.jpg,2,213,304,276,340,63,36,2268,1662
img0216.jpg,3,372,312,440,346,68,34,2312,1907
img0216.jpg,4,520,315,579,351,59,36,2124,1651
img0216.jpg,5,658,313,703,353,45,40,1800,1352
img0216.jpg,6,726,307,800,359,74,52,3848,3091
img0217.jpg,0,0,304,18,332,18,28,504,419
img0217.jpg,1,48,299,120,336,72,37,2664,1804
img0217.jpg,2,200,304,263,338,63,34,2142,1627
img0217.jpg,3,360,311,428,345,68,34,2312,1922
img0217.jpg,4,507,314,567,351,60,37,2220,1682
img0217.jpg,5,649,313,687,351,38,38,1444,1276
img0217.jpg,6,712,308,800,357,88,49,4312,3548
img0218.jpg,0,38,302,110,337,72,35,2520,1673
img0218.jpg,1,188,307,251,340,63,33,2079,1643
img0218.jpg,2,348,312,415,345,67,33,2211,1843
img0218.jpg,3,495,315,551,351,56,36,2016,1747
img0218.jpg,4,634,313,672,353,38,40,1520,1204
img0218.jpg,5,700,309,800,357,100,48,4800,4034
img0219.jpg,0,21,280,88,312,67,32,2144,1549
img0219.jpg,1,171,283,234,315,63,32,2016,1572
img0219.jpg,2,333,287,400,321,67,34,2278,1898
img0219.jpg,3,481,290,542,327,61,37,2257,1912
img0219.jpg,4,624,289,664,330,40,41,1640,1286
img0219.jpg,5,689,287,800,335,111,48,5328,4479
img0220.jpg,0,9,278,66,312,57,34,1938,1622
img0220.jpg,1,158,280,219,314,61,34,2074,1514
img0220.jpg,2,319,285,386,320,67,35,2345,1929
img0220.jpg,3,468,288,527,327,59,39,2301,1969
img0220.jpg,4,610,291,654,329,44,38,1672,1141
img0220.jpg,5,678,289,800,333,122,44,5368,4743
img0221.jpg,0,0,288,55,324,55,36,1980,1564
img0221.jpg,1,147,291,210,327,63,36,2268,1637
img0221.jpg,2,307,298,374,330,67,32,2144,1831
img0221.jpg,3,457,302,516,340,59,38,2242,1921
img0221.jpg,4,600,304,639,340,39,36,1404,1055
img0221.jpg,5,665,297,784,343,119,46,5474,4969
img0222.jpg,0,0,284,41,319,41,35,1435,1207
img0222.jpg,1,134,285,197,321,63,36,2268,1742
img0222.jpg,2,293,292,360,325,67,33,2211,1755
img0222.jpg,3,445,296,504,335,59,39,2301,1968
img0222.jpg,4,588,301,624,335,36,34,1224,996
img0222.jpg,5,654,293,771,339,117,46,5382,4680
img0223.jpg,0,0,300,32,334,32,34,1088,950
img0223.jpg,1,122,300,186,336,64,36,2304,1842
img0223.jpg,2,281,308,346,340,65,32,2080,1558
img0223.jpg,3,432,312,491,350,59,38,2242,1859
img0223.jpg,4,575,319,607,351,32,32,1024,847
img0223.jpg,5,640,308,759,355,119,47,5593,4917
img0224.jpg,0,0,296,19,328,19,32,608,506
img0224.jpg,1,109,296,171,331,62,35,2170,1821
img0224.jpg,2,269,305,334,334,65,29,1885,1452
img0224.jpg,3,419,307,479,343,60,36,2160,1714
img0224.jpg,4,561,312,599,344,38,32,1216,896
img0224.jpg,5,626,305,746,351,120,46,5520,4914
img0225.jpg,0,96,288,159,323,63,35,2205,1850
img0225.jpg,1,255,299,320,327,65,28,1820,1374
img0225.jpg,2,406,298,465,335,59,37,2183,1789
img0225.jpg,3,545,305,587,335,42,30,1260,947
img0225.jpg,4,615,297,735,343,120,46,5520,4857
img0226.jpg,0,85,287,145,324,60,37,2220,1760
img0226.jpg,1,242,300,310,328,68,28,1904,1420
img0226.jpg,2,395,300,453,335,58,35,2030,1719
img0226.jpg,3,535,305,575,337,40,32,1280,997
img0226.jpg,4,606,297,723,343,117,46,5382,4667
img0227.jpg,0,74,286,133,322,59,36,2124,1851
img0227.jpg,1,227,293,295,325,68,32,2176,1595
img0227.jpg,2,384,297,440,332,56,35,1960,1598
img0227.jpg,3,522,301,560,335,38,34,1292,1088
img0227.jpg,4,592,297,713,342,121,45,5445,4514
img0228.jpg,0,62,286,121,323,59,37,2183,1848
img0228.jpg,1,216,291,281,326,65,35,2275,1637
img0228.jpg,2,370,298,427,333,57,35,1995,1572
img0228.jpg,3,511,300,551,335,40,35,1400,1142
img0228.jpg,4,577,297,701,343,124,46,5704,4463
img0229.jpg,0,54,299,112,336,58,37,2146,1689
img0229.jpg,1,206,304,271,338,65,34,2210,1711
img0229.jpg,2,359,312,415,344,56,32,1792,1512
img0229.jpg,3,497,313,538,350,41,37,1517,1174
img0229.jpg,4,566,310,687,354,121,44,5324,4081
img0230.jpg,0,44,302,100,337,56,35,1960,1620
img0230.jpg,1,193,305,257,339,64,34,2176,1728
img0230.jpg,2,348,311,403,343,55,32,1760,1447
img0230.jpg,3,486,313,527,351,41,38,1558,1242
img0230.jpg,4,552,313,672,351,120,38,4560,3798
img0231.jpg,0,31,302,86,336,55,34,1870,1609
img0231.jpg,1,178,305,243,339,65,34,2210,1747
img0231.jpg,2,334,310,387,342,53,32,1696,1433
img0231.jpg,3,471,312,512,351,41,39,1599,1254
img0231.jpg,4,536,311,656,352,120,41,4920,3713
img0232.jpg,0,22,304,73,336,51,32,1632,1456
img0232.jpg,1,167,304,232,340,65,36,2340,1706
img0232.jpg,2,320,310,375,341,55,31,1705,1450
img0232.jpg,3,460,314,500,351,40,37,1480,1216
img0232.jpg,4,524,314,649,352,125,38,4750,3704
img0233.jpg,0,10,302,64,336,54,34,1836,1484
img0233.jpg,1,154,303,219,339,65,36,2340,1705
img0233.jpg,2,308,309,362,341,54,32,1728,1410
img0233.jpg,3,448,313,489,351,41,38,1558,1248
img0233.jpg,4,512,313,638,351,126,38,4788,3592
img0234.jpg,0,0,301,50,336,50,35,1750,1483
img0234.jpg,1,145,303,209,339,64,36,2304,1729
img0234.jpg,2,295,309,349,340,54,31,1674,1272
img0234.jpg,3,436,313,476,349,40,36,1440,1170
img0234.jpg,4,501,313,623,351,122,38,4636,3574
img0235.jpg,0,0,303,38,336,38,33,1254,1136
img0235.jpg,1,129,303,196,338,67,35,2345,1844
img0235.jpg,2,283,310,336,340,53,30,1590,1178
img0235.jpg,3,424,313,464,348,40,35,1400,1115
img0235.jpg,4,489,312,607,351,118,39,4602,3647
img0235.jpg,5,788,313,800,360,12,47,564,400
img0236.jpg,0,0,299,28,335,28,36,1008,803
img0236.jpg,1,120,302,185,337,65,35,2275,1881
img0236.jpg,2,272,312,325,340,53,28,1484,1126
img0236.jpg,3,413,313,452,347,39,34,1326,1047
img0236.jpg,4,478,312,597,351,119,39,4641,3673
img0236.jpg,5,781,310,800,360,19,50,950,869
img0237.jpg,0,0,306,17,335,17,29,493,442
img0237.jpg,1,107,302,172,338,65,36,2340,1916
img0237.jpg,2,260,313,313,340,53,27,1431,1087
img0237.jpg,3,401,313,440,346,39,33,1287,991
img0237.jpg,4,465,312,589,351,124,39,4836,3841
img0237.jpg,5,768,312,800,354,32,42,1344,1245
img0238.jpg,0,96,301,160,337,64,36,2304,1933
img0238.jpg,1,247,313,300,339,53,26,1378,1117
img0238.jpg,2,389,312,429,345,40,33,1320,995
img0238.jpg,3,454,311,575,351,121,40,4840,4072
img0238.jpg,4,753,309,800,354,47,45,2115,1757
img0239.jpg,0,85,300,146,337,61,37,2257,1839
img0239.jpg,1,235,311,288,339,53,28,1484,1213
img0239.jpg,2,380,314,416,344,36,30,1080,924
img0239.jpg,3,443,311,564,351,121,40,4840,4166
img0239.jpg,4,745,310,800,354,55,44,2420,2095
img0240.jpg,0,75,300,137,337,62,37,2294,1942
img0240.jpg,1,224,307,277,339,53,32,1696,1268
img0240.jpg,2,368,314,405,344,37,30,1110,909
img0240.jpg,3,432,311,553,351,121,40,4840,4242
img0240.jpg,4,734,313,800,355,66,42,2772,2510
img0241.jpg,0,64,302,127,337,63,35,2205,1870
img0241.jpg,1,211,306,264,339,53,33,1749,1325
img0241.jpg,2,357,312,393,343,36,31,1116,924
img0241.jpg,3,420,311,543,351,123,40,4920,4222
img0241.jpg,4,721,313,792,355,71,42,2982,2574
img0242.jpg,0,53,302,114,337,61,35,2135,1804
img0242.jpg,1,199,306,254,339,55,33,1815,1388
img0242.jpg,2,345,311,380,343,35,32,1120,869
img0242.jpg,3,409,312,531,351,122,39,4758,4217
img0242.jpg,4,713,310,783,356,70,46,3220,2573
img0243.jpg,0,41,301,99,337,58,36,2088,1759
img0243.jpg,1,184,306,239,339,55,33,1815,1361
img0243.jpg,2,330,311,365,341,35,30,1050,900
img0243.jpg,3,395,311,517,351,122,40,4880,4203
img0243.jpg,4,697,309,767,355,70,46,3220,2605
img0244.jpg,0,32,304,89,338,57,34,1938,1709
img0244.jpg,1,174,308,227,340,53,32,1696,1289
img0244.jpg,2,319,312,353,343,34,31,1054,897
img0244.jpg,3,384,313,505,353,121,40,4840,4100
img0244.jpg,4,687,313,757,356,70,43,3010,2672
img0245.jpg,0,21,304,78,337,57,33,1881,1605
img0245.jpg,1,161,305,216,340,55,35,1925,1337
img0245.jpg,2,306,312,342,342,36,30,1080,830
img0245.jpg,3,374,312,495,353,121,41,4961,4051
img0245.jpg,4,673,313,749,356,76,43,3268,2747
img0246.jpg,0,11,302,66,336,55,34,1870,1595
img0246.jpg,1,151,304,205,338,54,34,1836,1399
img0246.jpg,2,295,310,330,340,35,30,1050,748
img0246.jpg,3,361,311,482,351,121,40,4840,4017
img0246.jpg,4,666,309,736,354,70,45,3150,2682
img0247.jpg,0,0,302,55,338,55,36,1980,1602
img0247.jpg,1,140,304,194,340,54,36,1944,1481
img0247.jpg,2,284,314,320,340,36,26,936,664
img0247.jpg,3,351,312,472,351,121,39,4719,3954
img0247.jpg,4,655,313,727,356,72,43,3096,2660
img0247.jpg,5,785,313,800,351,15,38,570,458
img0248.jpg,0,0,302,46,336,46,34,1564,1351
img0248.jpg,1,128,303,183,336,55,33,1815,1480
img0248.jpg,2,272,313,309,340,37,27,999,668
img0248.jpg,3,340,310,461,349,121,39,4719,3923
img0248.jpg,4,641,309,716,355,75,46,3450,2856
img0248.jpg,5,776,313,800,353,24,40,960,810
img0249.jpg,0,0,303,33,336,33,33,1089,987
img0249.jpg,1,119,304,171,337,52,33,1716,1510
img0249.jpg,2,261,315,297,341,36,26,936,716
img0249.jpg,3,328,310,449,348,121,38,4598,3903
img0249.jpg,4,631,313,703,356,72,43,3096,2706
img0249.jpg,5,765,312,800,351,35,39,1365,969
img0250.jpg,0,0,304,24,336,24,32,768,651
img0250.jpg,1,107,303,160,338,53,35,1855,1551
img0250.jpg,2,249,315,287,340,38,25,950,692
img0250.jpg,3,317,309,438,347,121,38,4598,3837
img0250.jpg,4,622,313,696,355,74,42,3108,2550
img0250.jpg,5,754,313,783,351,29,38,1102,900
img0251.jpg,0,0,303,15,336,15,33,495,418
img0251.jpg,1,96,303,147,339,51,36,1836,1441
img0251.jpg,2,238,315,273,341,35,26,910,742
img0251.jpg,3,305,311,426,349,121,38,4598,3778
img0251.jpg,4,609,313,682,359,73,46,3358,2681
img0251.jpg,5,743,312,773,356,30,44,1320,904
img0252.jpg,0,85,303,138,338,53,35,1855,1514
img0252.jpg,1,225,310,262,341,37,31,1147,825
img0252.jpg,2,293,310,416,347,123,37,4551,3646
img0252.jpg,3,602,313,671,355,69,42,2898,2459
img0252.jpg,4,735,313,766,351,31,38,1178,927
img0253.jpg,0,74,302,125,337,51,35,1785,1492
img0253.jpg,1,213,307,249,338,36,31,1116,895
img0253.jpg,2,280,308,401,345,121,37,4477,3537
img0253.jpg,3,586,313,656,353,70,40,2800,2348
img0253.jpg,4,721,313,751,351,30,38,1140,1014
img0254.jpg,0,64,304,114,339,50,35,1750,1445
img0254.jpg,1,203,308,240,341,37,33,1221,902
img0254.jpg,2,270,310,391,345,121,35,4235,3465
img0254.jpg,3,576,318,648,354,72,36,2592,2110
img0254.jpg,4,711,313,740,354,29,41,1189,852
img0255.jpg,0,54,304,105,339,51,35,1785,1401
img0255.jpg,1,192,309,227,340,35,31,1085,804
img0255.jpg,2,259,310,378,344,119,34,4046,3401
img0255.jpg,3,562,319,638,355,76,36,2736,2222
img0255.jpg,4,697,317,733,351,36,34,1224,958
img0255.jpg,5,785,316,800,351,15,35,525,365
img0256.jpg,0,45,303,93,337,48,34,1632,1333
img0256.jpg,1,181,312,217,338,36,26,936,764
img0256.jpg,2,248,308,368,343,120,35,4200,3325
img0256.jpg,3,553,318,626,352,73,34,2482,2078
img0256.jpg,4,689,313,720,351,31,38,1178,1065
img0256.jpg,5,780,314,800,354,20,40,800,644
img0257.jpg,0,37,303,83,336,46,33,1518,1281
img0257.jpg,1,171,306,208,338,37,32,1184,815
img0257.jpg,2,237,308,356,342,119,34,4046,3342
img0257.jpg,3,543,319,615,351,72,32,2304,1922
img0257.jpg,4,680,313,711,353,31,40,1240,946
img0257.jpg,5,769,313,800,355,31,42,1302,1147
img0258.jpg,0,26,303,71,335,45,32,1440,1237
img0258.jpg,1,159,303,196,337,37,34,1258,926
img0258.jpg,2,225,304,344,341,119,37,4403,3371
img0258.jpg,3,532,315,606,351,74,36,2664,1989
img0258.jpg,4,672,313,703,351,31,38,1178,1040
img0258.jpg,5,762,313,800,351,38,38,1444,1185
img0259.jpg,0,14,300,61,334,47,34,1598,1206
img0259.jpg,1,149,302,185,336,36,34,1224,973
img0259.jpg,2,213,303,334,340,121,37,4477,3426
img0259.jpg,3,522,313,595,349,73,36,2628,1923
img0259.jpg,4,657,309,693,351,36,42,1512,1085
img0259.jpg,5,753,313,787,352,34,39,1326,1167
img0260.jpg,0,6,302,50,335,44,33,1452,1168
img0260.jpg,1,138,302,174,336,36,34,1224,964
img0260.jpg,2,203,304,324,341,121,37,4477,3403
img0260.jpg,3,511,313,583,351,72,38,2736,2043
img0260.jpg,4,650,313,681,351,31,38,1178,931
img0260.jpg,5,738,308,779,355,41,47,1927,1345
img0261.jpg,0,0,300,37,334,37,34,1258,1078
img0261.jpg,1,125,301,161,335,36,34,1224,994
img0261.jpg,2,191,302,311,340,120,38,4560,3436
img0261.jpg,3,498,312,574,349,76,37,2812,2250
img0261.jpg,4,638,312,671,351,33,39,1287,965
img0261.jpg,5,729,313,767,353,38,40,1520,1297
img0261.jpg,6,785,319,800,351,15,32,480,307
img0262.jpg,0,0,301,27,333,27,32,864,745
img0262.jpg,1,115,301,151,335,36,34,1224,909
img0262.jpg,2,180,302,300,339,120,37,4440,3464
img0262.jpg,3,489,312,561,351,72,39,2808,2323
img0262.jpg,4,625,313,656,351,31,38,1178,959
img0262.jpg,5,721,311,759,351,38,40,1520,1252
img0262.jpg,6,778,304,800,353,22,49,1078,806
img0263.jpg,0,0,306,20,333,20,27,540,438
img0263.jpg,1,105,300,141,336,36,36,1296,982
img0263.jpg,2,170,302,289,339,119,37,4403,3547
img0263.jpg,3,479,312,553,351,74,39,2886,2470
img0263.jpg,4,618,316,648,349,30,33,990,786
img0263.jpg,5,706,311,751,351,45,40,1800,1320
img0263.jpg,6,769,310,800,354,31,44,1364,1169
img0264.jpg,0,0,299,8,333,8,34,272,213
img0264.jpg,1,96,302,131,336,35,34,1190,975
img0264.jpg,2,160,302,278,341,118,39,4602,3609
img0264.jpg,3,466,312,542,351,76,39,2964,2511
img0264.jpg,4,608,318,633,351,25,33,825,751
img0264.jpg,5,698,313,735,351,37,38,1406,1242
img0264.jpg,6,759,313,800,354,41,41,1681,1545
img0265.jpg,0,85,300,120,334,35,34,1190,908
img0265.jpg,1,149,300,267,339,118,39,4602,3626
img0265.jpg,2,457,310,531,351,74,41,3034,2474
img0265.jpg,3,600,318,623,350,23,32,736,561
img0265.jpg,4,688,309,729,351,41,42,1722,1356
img0265.jpg,5,752,304,800,355,48,51,2448,2040
img0266.jpg,0,76,304,111,335,35,31,1085,875
img0266.jpg,1,139,301,257,340,118,39,4602,3722
img0266.jpg,2,447,312,521,351,74,39,2886,2500
img0266.jpg,3,585,317,614,349,29,32,928,715
img0266.jpg,4,674,311,719,354,45,43,1935,1396
img0266.jpg,5,738,310,800,360,62,50,3100,2577
img0267.jpg,0,64,302,97,336,33,34,1122,883
img0267.jpg,1,127,300,244,340,117,40,4680,3776
img0267.jpg,2,437,312,510,351,73,39,2847,2440
img0267.jpg,3,575,318,599,351,24,33,792,689
img0267.jpg,4,665,313,704,351,39,38,1482,1294
img0267.jpg,5,728,310,800,355,72,45,3240,2694
img0268.jpg,0,56,304,87,336,31,32,992,823
img0268.jpg,1,116,300,234,340,118,40,4720,3742
img0268.jpg,2,424,312,498,351,74,39,2886,2398
img0268.jpg,3,561,321,591,349,30,28,840,678
img0268.jpg,4,656,309,695,353,39,44,1716,1430
img0268.jpg,5,718,309,786,355,68,46,3128,2659
img0269.jpg,0,45,302,76,335,31,33,1023,798
img0269.jpg,1,106,299,223,339,117,40,4680,3714
img0269.jpg,2,415,311,488,350,73,39,2847,2309
img0269.jpg,3,551,321,583,349,32,28,896,684
img0269.jpg,4,647,309,687,351,40,42,1680,1366
img0269.jpg,5,706,308,780,353,74,45,3330,2601
img0270.jpg,0,39,304,69,336,30,32,960,793
img0270.jpg,1,97,301,215,341,118,40,4720,3745
img0270.jpg,2,404,313,479,351,75,38,2850,2289
img0270.jpg,3,540,321,572,351,32,30,960,665
img0270.jpg,4,635,313,671,359,36,46,1656,1291
img0270.jpg,5,698,313,767,356,69,43,2967,2666
img0271.jpg,0,29,304,59,335,30,31,930,733
img0271.jpg,1,88,298,205,338,117,40,4680,3777
img0271.jpg,2,396,312,469,348,73,36,2628,2239
img0271.jpg,3,529,316,563,347,34,31,1054,768
img0271.jpg,4,625,313,665,351,40,38,1520,1174
img0271.jpg,5,688,308,759,355,71,47,3337,2794
